6110 56279
6112 56191
6113 56219
6114 56209
6115 56237
6116 56245
6117 56272
6118 56189
6119 56181
6120 56206
6121 56187
6122 56246
6124 56211
6125 56273
6126 56269
6127 56274
6128 56236
6129 56301
6130 56214
6131 56211
6132 56267
6133 56246
6134 56244
6135 56192
6136 56206
6137 56270
6138 56236
6138 56598
6139 56192
6140 56189
6141 56210
6142 56219
6143 56267
6144 56237
6145 56266
6146 56265
6147 56239
6148 56209
6149 56194
6151 56265
6153 56164
6154 56237
6155 56245
6156 56239
6157 56238
6158 56239
6160 56190
6161 56238
6162 56191
6163 56219
6164 56181
6165 56208
6166 56181
6167 56189
6168 56187
6169 56193
6172 56269
6176 56264
6177 56268
6178 56213
6179 56221
6182 56190
6183 56210
6184 56267
6185 56217
6189 56237
6192 56269
6193 56237
6195 56220
6197 56191
6198 56211
6203 56266
6204 56220
6207 56239
6290 56238
6291 56209
6292 56566
6293 56561
6294 56482
6295 56536
6296 56219
6297 56218
6298 56208
6299 56478
6300 56449
6301 56543
6302 56565
6303 56539
6304 56570
6305 56563
6306 56535
6307 56205
6308 56215
6417 56308
6425 56298
6427 56328
6457 56330
6470 56334
6478 56341
6480 56340
6482 56358
6488 56364
6489 56329
6492 56362
6494 56363
6498 56565
6499 56571
6500 56541
6501 56563
6502 56487
6502 56544
6503 56564
6504 56540
6505 56560
6506 56564
6507 56478
6508 56535
6509 56486
6510 56486
6512 56567
6515 56536
6516 56571
6519 56566
6520 56541
6521 56537
6582 56274
6583 56566
6584 56568
6585 56479
6586 56485
6587 56537
6588 56536
6589 56536
6590 56273
6591 56535
6592 56535
6666 56371
6681 56419
6727 56369
6734 56386
6735 56397
6736 56366
6737 56365
6750 56367
6751 56368
6752 56366
6816 56444
6817 56455
6840 56685
6966 56748
6967 56447
6970 56444
6973 56741
6974 56442
6975 56720
6986 56717
7120 56720
7137 56566
7141 56565
7142 56567
7143 56572
