6114 56209
6116 56245
6118 56189
6119 56181
6120 56206
6121 56187
6124 56211
6125 56273
6126 56269
6128 56236
6130 56214
6131 56211
6133 56246
6135 56192
6136 56206
6137 56270
6139 56192
6140 56189
6141 56210
6142 56219
6146 56265
6147 56239
6148 56209
6149 56194
6155 56245
6157 56238
6161 56238
6162 56191
6163 56219
6165 56208
6166 56181
6168 56187
6169 56193
6176 56264
6185 56217
6189 56237
6198 56211
6290 56238
6291 56209
6292 56566
6293 56561
6294 56482
6295 56536
6296 56219
6297 56218
6298 56208
6299 56478
6300 56449
6301 56543
6302 56565
6304 56570
6306 56535
6307 56205
6308 56215
6500 56541
6506 56564
6507 56478
6508 56535
6509 56486
6510 56486
6519 56566
6582 56274
6583 56566
6584 56568
6585 56479
6586 56485
6588 56536
6590 56273
6591 56535
6681 56419
6734 56386
6735 56397
6736 56366
6737 56365
6752 56366
6816 56444
6970 56444
6975 56720
6986 56717
